1 2

1 3

1 4

1 5

1 6

7 8

7 9

7 6

7 5

7 4

7 1

7 10

11 12

11 13

11 6

11 14

15 10

15 16

15 18

15 6

15 17

15 13

13 6

13 4

13 14

13 18

20 21

20 22

20 23

20 24

21 17

21 10

21 18

21 25

6 13

6 7

6 12

6 18

2 3

2 12

2 1

2 20

2 13

5 12

5 9

5 6

5 7

5 11

4 13

4 19

4 22

4 7

9 12

9 5

9 6

9 13

9 16

16 24

16 15

16 9

16 4

16 22

12 6

12 2

12 23

18 17

18 15

18 3

18 19

18 6

24 13

24 18

24 16

24 25

24 20

23 20

23 14

23 12

23 10

23 5

10 15

10 24

10 12

10 7

10 21

25 24

25 3

25 11

25 13

25 22

22 3

22 21

22 16

22 8

22 15

14 7

14 18

14 16

4 21

14 4

3 1

3 10

3 8

3 18

3 22

17 18

17 10

17 21

17 15

17 3